CVHT da goi anh chi danh sach thi qua email. Anh chi vao check mail nhe.
CVHT Le Nga 
0985578992
0982642985
0933832868
0933832868
0933832868
0933832868
0933832868
0933832868
0933832868
0933832868
0933832868
0933832868
0933832868
0933832868
0933832868
0933832868
0933832868
0933832868
0933832868
0933832868
0933832868
0933832868
0933832868
0933832868
0933832868
0933832868
0933832868
0933832868
0933832868
0933832868
0933832868
0933832868
0933832868
0908200313
0908200313
0908200313
01222722262
01222722262
0977352194
0977352194
01696777345
01696777345
01696777345
01696777345
01696777345
01696777345
01696777345
01696777345
01696777345
01696777345
01696777345
01696777345
01696777345
01696777345
01696777345
01696777345
01696777345
