QLHT t/b: hom nay_09/10 het han BTVN1 mon PHM102,MAT101, A/C nhanh chong vao lam truoc khi het han. Khong reply tin nhan nay
0987111789
0939443918
0933741111
0902916629
0933310365
0985262466
0917044477
0975188741
0903377185
0906611988
0919961919
0903991002
0933341889
0982113011
0908560443
0903909776
0962980936
0909105580
0909556895
0989118089
0934136556
0906339488
0932650939
0987799907
0934538978
0937382337
0986111433
01269715787
0987983879
0909159118
0913750733
0987235821
0932515968
01234515245
0966668107
0904973606
0903375072
0908066119
0928345474
0903646568
0907244084
0903522442
0909310115
0928996996
0977355579
0984012344
01254522309
0912243467
0909756099
0988644469
0907333868
0983377000
0934060726
0908558800
0934855438
0939739668
0902666235
0909087393
0988535452
0982500569
0914149956
