QLHT t/b: 18h ngay 22/02/2014 lop DKTV3 co lich hoc onlines cung giang vien mon ECO101.A/c sap xep thoi gian tham gia.Chi tiet vui long kiem tra email.
0906674798
0933726869
0903037173
0903779723
01684579957
0908367415
0984075678
0934708007
0982300323
0973099599
0937859601
0903666095
0985871321
0909555568
0907983591
01664427687
01285911803
0938968797
0984799899
0902741941
0937779085
0913533937
0902077030
0983611762
0909060538
0969694486
0979846060
0936666377
0906984119
0908638099
0908177714
0987111786
0989716206
0919017122
0906166883
0983497725
0914955591
0902722150
0908753276
0989231329
0983397725
0907912181
0909393839
0902402979
01674580297
0989323288
0986880313
0979313688
0916022512
0979157262
0908049494
0989878797
0937336250
0906144482 
01653699945
01265466215
0908404621
0983757579
0934115336
0935343332
0908373600
0903710795
0979629697
0909466472
0986391616
0909456776
0974970700
0938156677
0906768427
0902794229
0978278855
0908000253
01697759119
0983344896
0982888737
0908611669
0908333394
0905180090
0982884171
0942149155
0969290029
0938386126
0982841024
0982837082
0938013806
0903904730
0984839455
0938777429
