QLHT thong bao, 23h55 ngay 16.03.14 het han tinh diem chuyen can mon MAN403. A/C vao bo sung diem truoc khi het han. Vui long khong reply tin nhan nay.
0909740606
0907845654
0989011784
0982131868
0919964838
0913446767
0948321979
0913984438
0979194828
0918369207
0908176020
0914574649
0979847189
0932041176
0977927708
0903527123
0982000024
0986686136
0985181333
0902242219
0985303437
0987333839
0988382611
0938908385
0916698789
0937513108
0908590786
0919920044
0917203578
0918352000
0903803170
0907422730
0919866086
0906848612
0918196700
0949045345
0934052686
0966403333
01265883919
0918408333
0919617184
0906209062
0919245554
0908193969
0902716630
01699388399
0908909989
01676366668
0903148393
0918179799
0918902050
0908060324
01223134380
0939968568
01239208246
0913630461
0905793678
0933771769
0986751779
0944983636
0907312555
0939556879
0939965855
0918061334
0989000032
0979973818
0978030616
0989000018
0988292623
0918774424
01689936036
0984938282
0966119937
0938190378
0908543220
0913322644
0985455998
0949001199
0913506071
0907288022
0905320520
0978033788
0937979183
0913038023
0932686852
0903838599
0918848212
0918673902
0918537387
0908991897
0909602636
0989758121
0903560011
0913903130
0987771789
0938006702
0914081477
0913103745
0936186444
0975007887
0934199636
0976167388
0937172698
0916026486
0905996939
0903843019
0973555572
0947206878
0909402209
0975324488
01233525525
0989000864
0913603198
01638265186
0918926946
0913822052
0908776787
0933191219
0907755660
0913883775
0935482804
0946116776
0913918723
0914117175
