Ngay 26/01/2014 het han hoc phi hoc ky 3 cua lop QTV1. A/c nhanh chong hoan thien de khong anh huong den tien do hoc tap.Vui long khong reply tn nay
0975916791
0932905999
0945264636
01659675241
0933205083
0917210021
0976990457
0939414641
0975328889
0982829789
0979617799
0908449466
0906649938
0939779003
0902769717
0977928358
01688587579
0937430462
0909940996
01644649419
0906812229
0988652137
0982303567
0919892219
0977971828
0909575544
0936501484
01684892261
01667205445
0908419980
0939394945
01239193168
0916414587
0963075175
01262618694
0987900108
0938393826
0915714616
01669528256
0909386174
0976976962
0939564562
0939868911
01212772815
0903095085
0909009988
0902636077
0906411038
0908711773
0942557740
01666326197
01634830708
0903839307
0938070083
0909600106
0908847178
0975829837
0988958744
0937077028
0963039345
0933101599
01693076360
0925539935
0902386078
0972222357
0902526606
0908822356
0919462141
0938390905
0909565638
0934163063
0945880041
0906630861
0918239494
0938871468
0909099244
0919945053
0939282220
0989360099
01654094369
01678112424
0938777429
