23h55 ngay 09/04 het han lam BTVN so 1 mon DWS104.A/C vao hoan thien truoc khi het han.Vui long khong reply TN nay.
0979603763
01999166681
0913124326
0977395799
0918767476
01248644241
01667654063
0967112339
0934787821
0908324256
0913713608
0939757636
0902205270
0908967850
0908982154
0977330119
0917256784
0976349549
0908162126
0908866838
0918308675
0937111887
0919310366
0933333545
0907992988
0902709676
0904505029
0902534088
0908785479
0977369622
0938619819
0908435908
0933833759
0914399121
01216781822
0938651006
0988239379
0949486066
0928382788
0914216060
0902664374
0918276734
0918044012
0908456148
0914467487
0902811733
0938478012
0916655487
0937155055
0987961218
0976332925
01224479895
0908506549
0982460646
0977106232
01666009148
0915436567
0902411235
0934842122
