QLHT TB:23h55 CN ngay 06.04.2014 het han nop Bai tap ky nang mon ACC301. A/C sap xep lam bai va nop len lop hoc truoc han chot . Sv khong nop BTKN se bi CAM THI
0917409378
0917349885
01699989184
0908171779
0919333998
0907009668
01664455262
0973644717
0942255596
0989495317
0933302123
0976173880
0989041522
0918816566
0976589003
01243093979
0907532670
0917357158
0988521818
0902353557
0985303520
0919993978
0938933316
0933026615
01694633200
0975602177
01267400032
01213852835
0913036444
0919047693
0907668865
0989810981
0914160899
01299973602
0983922783
0976274776
0913895775
0909622264
0902328142
0907145305
0975885461
0949434250
0938602799
0984977565
01257673004
0932612287
0933263584
0979114967
0936557559
0919776482
0906377319
01256842998
0974422042
0987392639
0985236629
0966688909
0985617743
0983227327
01682268700
0907565510
0983686800
0936738198
0938210682
01694446369
0916607732
0969268545
0906506272
0917798106
0902685672
0976595476
01686671998
0987408516
01223723440
0963875280
0908983449
0972172172
0972903236
0919886676
0984428428
0988987885
0908542572
0918034024
0938954217
01234566575
0946333004
0983605494
0919752699
0932908805
0994008908
0907149918
0918833341
0915744267
0943647501
0908020608
0934626767
01665227779
0909678031
0915155510
 01224045791
0938710176
0903780635
0989768470
0972908368
0909633446
0978068443
0945138035
0919800261
0986554144
01238027881
0978530278
0939067936
0984034138
0902694777
0982758005
0973644338
0937455114
0909379583
0988049079
01674567213
0908763278
0982023705
0903386974
0906589841
01654116169
0914596892
0918987245
0918250415
01214699519
