QLHT ETV2 TB: 23h55 ngay 19/03/2014 het han BTVN 1 mon lAW201, A/c vao hoan thien truoc khi het han, vui long khong reply TN nay.
0937677694
0918010696
0983598940
0937139477
0903342872
01298291368
0906060672
0938494924
0903316312
0908800210
0945092529
0938184954
0986873513
0908485549
0974736670
0909510410
0909900543
0986868145
0907087815
0904008589
0937478477
0934607298
01239920663
0938929381
0937850405
0908112000
01642893031
0983642329
0933553115
0927493777
0937503232
0986838861
0933162215
0913000482
0973521162
01256677688
01284112113
01678879795
0979556297
01655483808
0909610380
0963561239
0909138007
0964711082
01228796625
0977716717
0944098519
0906360106
0945944779
0909562428
0938803052
0972843879
0984132117
0916782382
01229335818
0902908678
01203827992
0918801199
0918131292
0918803311
01673898927
0948828699
0907014113
0902464910
0937777796
0918345612
0907230489
01227565579
0932803221
0932017228
0909027005
0913636103
0937745198
0976836771
0937031531
0976414849
0918597078
0908852835
0988940279
0919806363
0938089007
01683072149
01654447351
0909361477
0904848973
0908993465
0942382204
0974570597
0944404030
0945772838
01646820758
0977459168
0913693558
0984444368
0938301588
0938020431
0903017177
0933852509
0935670357
0945148877
01264235521
0903609000
0977054445
0915406836
0918513785
0983930201
01674493499
