23h55 thu 4 ngay 19/03/2014 het han BTVN1 mon ACC202. Day la mon trong diem: a/c phai lam du 2 BTVN tren 5 diem de dc du thi het mon.Khong reply tn nay.
0908881556
0905383712
0907222555
0908030479
0905404712
0903036403
0907700369
0913983282
0917983951
0913950217
0977774055
0989280883
0903636573
0972701475
0987864141
01664433959
0909826857
0934181612
0902658592
0988202060
0907490908
0984711177
01222120708
0937973357
0932659062
0973424858
0989599115
0916905889
0918772343
0914696419
0972806062
0989882090
0919694897
0919213863
0918368937
0903778095
0902251452
0986597959
0909640605
0979899059
0973779036
0947977177
0983777567
0972623897
0913953262
0919888758
0903717973
0908872614
0962243003
0983210310
0908898636
0916162132
0983573353
0984711711
0987670068
0968296889
0905164889
0938002229
0917677733
0985712114
0937194993
01234450591
0909087030
0942919107
0913897987
0948555193
0982322404
0948358679
0938777429
