QLHT t/b: a/c kiem tra email de nhan lich thi va danh sach thi ngay 02.03.2014 cua lop OTV6. A./c nao co ten trong danh sach thi moi dc tham gia thi.Tran trong
0944350580
0989307491
0908195979
0937205509
0913170903
0939279668
0978341400
0938382878
0939096667
0937228588
01633789154
0917044789
0907488789
0909628394
0934470707
0983696432
01627966193
0939104004
0972117799
01225602456
0932737238
0972176037
0902442432
01627858982
01696837304
0916179192
0932778639
0988826826
0932822367
0908090002
0902756369
0932666748
0933861667
0903504009
0908089602
0903718288
0913122614
0902543213
0973083631
0902781318
0937180678
0905477712
0905967677
0918189768
0982369611
0972333369
0946947339
0905369388
0982100043
0916310898
0943511090
0938169669
0909919949
0945798811
0985304050
01223975748
0919453305
0933012667
0909770156
0902645494
0909469067
01264618824
0918426037
0903311644
0918355533
0917804200
01663042020
0986723119
0984646180
0978599997
0988273939
0918147759
01699611723
0933331002
0983670048
0908899909
0946072607
0917156836
0964056076
01664445106
0945442656
0979866938
0989599333
0968022499
0987133132
0908160911
01675173227
0909880404
0906788006
0979815641
0932069880
0907380038
01239738778
0977799957
0903617978
0909487482
0908705808
0917796638
0969238679
0939969279
0906898655
0914188259
0902775980
0966512913
0977441441
0909241779
0932167888
0917117878 
0988360100
0989990152
0902619419
0949010101
0918445468
0933269746
0909204488
0916399900
0989973178
0903311005
0918319665
01283531035
0987979500
0983915504
0949426666
0939263560
01225836054
0918913058
0976377350
0905372526
0922017180
01226131286
0962962909
0905270523
0978671928
0937007266
0936244442
0946139391
0938743708
0909891903
0933567007
01647249243
01652500125
0933092249
01647804823
0974454519
01632045809
0944963973
0905381969
0908014319
0937170788
0986747699
0942313762
01887985721
0949310885
01213872680
0949547587
0988872818
0902616020
0934843555
0979998877
01257465959
0908352044
01643434316
0908349198
0966430777
0909179333
0939243342
0986015791
0908822998
0909443885
0983972279
0919499709
0902583489
01633329199
0908233701
0966723672
0982773774
0988642819
0916706649
0938040049
0905005600
0907182889
0903661599
0903944011
0918914988
0923909511
0989596882
0902627473
01646990987
01699757789
01647209933
0938337709
0909447203
0938777429
