QLHT TB: 23h55 thu 6 ngay 17.01.2014, het han BTVN so 2 mon MAT101. A/C nhanh chong vao lam BTVN truoc deadline. Vui long ko reply tin nhan
0948487577
01266641861
0903858349
0905327060
01222787006
0984675067
0933742500
0918606625
0934212092
01666112055
0979049790
0907840907
0908488673
0942974524
0948574848
0902040798
0988644244
0979969842
0934900265
0913675539
0948839879
0915665479
01219682922
0988933733
0937471567
0989978857
0988939247
0987230066
01697807621
0905138596
0947338810
01645208642
0937047688
01218482220
0983930123
0932453150
0983870546
0908651651
01239393439
0918873486
0917276165
01267064764
01628150579
0902583254
01225535250
0938687749
0989254247
01695225179
0909901010
0938781106
0916181736
0986031316
0939266164
0918997850
0903697019
0939166988
0987321077
0919626862
0935212418
0973972345
0939330518
0987654121
0903394781
0939408475
0987584439
0987890505
0985597599
01214699519
