QLHT Tb: 23h55 chu nhat 11.05 het han tinh diem chuyen can 3 mon: ECO101, ECO102 va DWS104. A/c sap xep hoan thanh day du LTTN de du dk thi. Vui long k reply.
01263776779
0938075488
0908037733
0937300984
0987492044
0909339377
0987903054
0918122873
0988666027
0943223387
0918193030
0989770783
0934131460
0903826930
0923388568
0919916444
0908297795
0905325696
01998299299
01692961888
01662375522
0908248289
0907184789
0982016576
0903000026
0913613126
01668404579
0903765800
0903300292
01644294283
0967996189
0933827544
0918784111
0907974981
0909903140
01663452868
01268709532
01698844700
0915628862
0915976179
0903013484
0917660067
0977125307
0903851713
01692811819
01659806751
0907035678
0908318268
01672611654
0909787599
0938886709
0933312292
0932681676
0977166114
0987888585
0982731037
0935758260
0903711457
01222644986
0983693122
0934088307
0918859884
0908787743
0977124502
0975677575
0907680937
0913610963
0915815809
0908373724
0947888871
0907008772
0987235659
0983784798
0989173177
0932020198
0918556690
0936384554
0902670562
0909812130
0917788314
0979641492
0906890649
0909233618
0913046100
0932040923
0914314777
0976773411
0982245090
0942808454
0937280265
0978104300
0984982742
0905008808
0942033179
01683852339
0972811952
0925111213
0935707021
0984529831
0974290481
0915663730
0935108483
0907105860
0919918653
0909273112
0918094120
0932394426
01265552622
0903365130
0909621584
0908576337
0918033211
0986441515
0932428979
01684040366
0937558828
0909630235
0919018028
0909868833
0909097087
0937602636
0985881352
0938304379
0903869522
01688738262
