QLHT TB: 23h55 ngay 04/04 het han lam BTVN so 2, A/C sap sep thoi gian vao hoan thien diem truoc khi het han.Khong reply TN nay
0937677694
0983598940
0903342872
0906060672
0938494924
0903316312
0908800210
0945092529
0938184954
0902708567
0969178708
0918761680
0986873513
0974736670
0909900543
0913124047
0907087815
0913609689
0904008589
0937478477
01239920663
0935884577
0988280408
0938929381
0908112000
0933553115
0927493777
0937503232
0986838861
0933162215
0973521162
01256677688
01678879795
0907264536
0909610380
0963561239
0909138007
0907463077
01228796625
0944098519
0906360106
0945944779
0909562428
0902659899
0938803052
0972843879
0984132117
01645755549
0916782382
01229335818
0902908678
01203827992
0918801199
0918131292
01673898927
0948828699
0907014113
0905753005
0974961661
0937777796
0918345612
0907230489
0907413097
01227565579
0932017228
0909027005
0913636103
0939202468
0937745198
0937031531
0918597078
0933855603
0908852835
0988940279
0986028833
01229413595
0919806363
0938089007
01683072149
01654447351
0904848973
0944404030
0945772838
01646820758
0906836970
0913693558
0977585505
0984444368
0938301588
0938020431
0903048624
0903017177
0933852509
0935670357
0945148877
01264235521
0908004256
0915406836
0983930201
