QLHT t/b:23h55 ngay 04.04.2014 het han BTVN2 mon MAT102,ENG103. Anh/chi nhanh chong vao lam truoc khi het han. Tran trong. 
0906360309
01252261255
0975312992
01659803380
0975916791
0932905999
0945264636
0933205083
0938231957
0902232454
0939414641
0975328889
0903357148
0982829789
0979830063
0909895665
0906649938
0902340804
0985188338
0939779003
0902769717
0937160349
01688587579
0937430462
0909940996
01644649419
0909560654
0906812229
0982303567
0977282085
0917862888
0977971828
0913869628
0909575544
0936501484
01684892261
0988021150
01667205445
0908419980
0918117881
0939394945
0938632061
01645619990
0916414587
0987900108
0938393826
0946307554
01684144641
0985624663
0976976962
0939564562
0909878983
01212772815
0909009988
0902636077
0906411038
0908711773
0908114602
01666326197
01634830708
0903839307
0918013851
01686050081
0938070083
0909600106
01677781777
0939599722
01217383965
01279667899
0983592129
0988958744
0937077028
0989064804
0982083335
01693076360
0902386078
0972222357
0902526606
0919462141
0909565638
0934163063
0932451320
0906630861
0989968850
0974623739
01682667466
0937188537
0909099244
0989012425
0919945053
0939282220
0989360099
0949639809
0909312985
01654094369
0917481448
01678112424
0938777429
