QLHT t/b: 23h55 ngay 06/11/2013 het han BTVN1 mon Law101,PHM101,ENG102.A/c vao lam truoc khi het han. khong reply tin nhan nay
0906360309
01252261255
0917225679
0907707374
0907395793
0939356289
0903190589
0932014097
0975312992
01659803380
0975916791
0932905999
0945264636
01659675241
0933205083
0913980669
0913370670
0917210021
0902232454
0939414641
0944276236
0975328889
0903357148
0982829789
0979830063
0908449466
0906649938
0985188338
0902769717
0977928358
0937160349
01688587579
0937430462
0909940996
01644649419
0906787850
0909560654
0906812229
0988652137
0982303567
0919892219
0977282085
0917862888
0977971828
0913869628
0909575544
0936501484
01684892261
0988021150
01667205445
0908419980
0918117881
01295588997
0913696410
01239193168
0976533171
01645619990
0916414587
0963075175
01262618694
0903644027
0987900108
0938393826
0915714616
0946307554
01669528256
0909386174
01684144641
0985624663
0976976962
0939564562
0937441947
0909878983
0903095085
0943012893
0909009988
0902636077
0906411038
0908711773
0908114602
0942557740
01666326197
01634830708
0906977748
01295101089
0903839307
0918013851
0989168598
0938070083
0909600106
01677781777
0939599722
0938240717
0908847178
01279667899
0975829837
0983592129
0988958744
0937077028
0934516260
0985305871
0906622342
0963039345
0933101599
0982083335
01693076360
0925539935
0936627226
0902386078
0972222357
0908822356
0919462141
0938390905
0909565638
0934163063
0907007113
0932451320
0906630861
0989968850
01682667466
0918239494
0978838857
0937188537
0938871468
0909099244
0989012425
0919945053
0939282220
0989360099
01692406677
0976958572
01634055844
01218667834
0909312985
0979797602
01654094369
0918833411
0917481448
0986152252
0938386345
0974835922
