QLHT thbao: 18h00-20h00 ngay 08.05.2014 phat song OnlineS mon ECO101. De nghi, Anh/Chi thu xep thoi gian de tham gia hoc. Vui long khong tra loi tin nhan nay.
0973885510
01234910019
01665138453
0945505543
01214562230
0985144985
0932641347
0989990970
0985541910
0906704994
0908398948
0927573428
01652405660
0932177356
01243187609
0906717001
0938369145
0903697595
0909290886
0938025281
0934067575
0913645181
0947800699
01688765547
0988757812
0907952663
0985890149
0938572412
0983015671
0989988061
0918878169
0974966867
0902611516
01686126712
0906900777
01674285611
0908085617
0912842112
0906677267
0918046678
0907551313
0916966136
0913784079
0909255444
0908206262
0907778413
0975553779
0938082579
0947321815
0939391779
01663573228
0978935358
0909506573
0934047245
0918970909
0909647382
0942299899
0986846767
0909060660
0975373839
0987373718
0918696185
0983005977
0995155386
0933388485
0988022350
0913928898
0977421511
0903869964
0933388127
0937149237
01684141068
0903376557
01217188800
0907019897
0969795777

0909124642
0987963769
0909262377
01234206877
0909672780
01223717159
0907040784
0979406801
0918282969
0922716949
0976007676
0988911022
01629111130
0985424579
0906793599
0969123498
0984657950
0906275818
0949882616
0937710890
0909627802
0972096612
01645368059
0985477378
0917290688
0933613179
0949090188
0909485412
0918548837
0906749177
0905637639
0908803988
0966985787
0982808076
0973699133
0988387346
0938281239
01253902953
0918734793

0906888035
0983052536
0916424436
0932634375
0908858520
0943203102
0919719465
0938944133
0909658696
0903884424
0908297398
01696088837
0986642592
0939939966
0918038966
0947402929
0944885335
