QLHT da gui danh sach thi va lich thi ngay 30.03.2014. Anh/chi kiem tra email de biet chi tiet. Vui long khong reply tin nhan nay.
0918726275
0973872304
0974546229
0909886004
0983506827
0985993769
0982362400
0908810991
0937345568
0983028804
0983011722
0918552996
0987635473
0909173899
0909796345
0918273729
0933805987
0973944940
0907119739
01656048423
0937464454
0978880720
0917907617
0918204400
01233324441
0902372689
0963041714
0989181449
0947383366
01696699426
0983886738
0908273768
0908323338
0902151715
0903375513
0975354545
0909095841
0972345049
0996892536
0909158531
0968009007
0909626622
0902646539
0913877002
0933086849
0986435437
0988441630
0919075059
0977150285
0902443885
0933906888
0919061919
0939717011
0908694497
0914175003
0908898000
0972580729
0909778871
0902811365
0937475363
0914117175
