23h55 thu 6 ngay 02.05.2014 het han BTVN1 mon PSD102 va ECO101. Anh/Chi nao chua lam vao lam bai tap truoc khi het han. Vui long khong  reply  tin nhan nay
0968454789
0973877020
0963963577
0995956503
0908389403
0919400369
0989515592
0918708701
01674604530
0983325080
01687622056
0913876667
0978409412
0905256395
01642311933
0906449797
0964997778
0932761656
01222946444
0923496111
0904409169
0905200950
0906870959
01666055582
01654452649
0962240366
0938974466
01232818413
0907145246
0982289000
0907166655
0983757577
0902867310
0936230919
0982834560
0989277677
0918044208
0903781089
01683488477
0903284255
0938769698
01688905496
01262592165
0936026029
01292739363
0984083779
0983977551
0915616707
0985584530
0987812187
0977088192
01681537612
0937916536
0919413979
0919966677
0918419916
0905314714
0913196399
01677237159
0903825078
0909584204
0903873470
0903681679
0908623765
0982270979
0937707234
0913192318
0919379589
0919564888
0902666769
0989457948
0989828901
0937111705
0982003979
01655832647
0909919143
01218895988
0944778883
0973888638
0918234235
0919947281
0983369530
0966197197
01237848261
0919196786
0939222362
0938173257
0982011399
0977087096
01235558957
0903939691
0909272004
0972230956
0908906233
