QLHT TB:23h55 Thu 4 (26.03.2014) het han BTVN so 1 ca 2 mon:PSD102 & ICT102. A/C nhanh chong vao lam bai truoc han de du dieu kien du thi. Vui long ko reply t/n
0908131445
0977092560
0963089940
0962000773
01674911830
0983316818
0935386586
0903850896
0982441009
0988000098
0975345888
0988540584
0913763167
0969984398
0909116404
0983184191
0918654270
01638624747
0919944404
0984657999
0975933938
0983002639
0978056856
0908322585
0909027185
0909332852
0907950245
0903941193
0918293437
0989044880
0987909585
0914931193
0977543954
0932159039
0909861697
0906301070
0909116404
0943863239
0902966007
0939359300
0903862042
01262938580
0978501879
0989300350
0907684688
0932099093
0989629941
0932607282
0909366216
0902365370
0938399639
0978219073
0979685050
0909837614
0977478437
0938025595
0984771666
01685276856
01665755557
01644467672
0903672679
0968773313
0902731122
0912199944
0987193456
0912090109
0982077707
0908106036
0938693979
0938345210
0973810180
0982292420
0906182868
0988866654
0918187777
01667713606
0983794757
01679991450
0932859908
01238800884
0977696699
0932192727
0903107005
0967465656
0938148224
0906356388
0944979293
0903951395
01214699519
