23h55 ngay mai 04.04.2014 het han BTVN2 mon LAW101, ENG102.A/c nhanh chong vao lam truoc khi het han.Tran trong.  
0944350580
0989307491
0939279668
0937228588
0907488789
0909628394
0983696432
0972117799
0932737238
01696837304
0916179192
0932822367
0933861667
0903718288
0913122614
0937180678
0918189768
0972333369
0905369388
0933012667
0902645494
0918426037
0984646180
0978599997
0918147759
01699611723
0983670048
0989599333
0968022499
0909880404
0906788006
0977799957
0903617978
0908705808
0917796638
0939969279
0902775980
0966512913
0902619419
0949010101
0918445468
0916399900
01283531035
0983915504
0949426666
0939263560
0976377350
0978671928
0937007266
0946139391
0938743708
0933567007
01647249243
01652500125
0933092249
01632045809
0937170788
0988872818
01257465959
01643434316
0908349198
0939243342
0902583489
0938040049
0903944011
0923909511
0989596882
01647209933
0938777429
