QLHT t/b: a/c kiem tra email de biet thong tin lich thi, phong thi cua lop CKTV3.Chi nhung a/c nao co du dieu kien du thi moi duoc tham gia thi.Tran trong
01228900405
0908881556
0905383712
0907222555
01224773366
0908030479
0905404712
0903036403
0907700369
0909314055
0937099639
0937070440
0982498932
0913983282
0917983951
0978802369
0939578666
0913950217
0976149899
0977774055
0989280883
0978183825
0903636573
0985288209
0973927070
0972701475
0914122185
0908298559
0908010743
0989613399
0966768268
0987864141
0933883282
0908149504
01218181556
0948446162
01664433959
0909826857
0982766689
0903909873
0934181612
0902658592
0988202060
0907490908
01683615516
0984711177
01222120708
0937973357
0932659062
0973424858
0975556125
01224444979
0913768968
0944090308
0903013353
0989599115
0916905889
0937112443
0913817422
0985826815
0918772343
0983272839
0909355939
0914696419
0934779458
0972806062
0989912914
0989882090
0919694897
0907867742
0919213863
0918368937
0913371012
0903778095
0902251452
0986597959
0986461411
0909640605
0908111567
01263759895
0979899059
0973779036
0947977177
0983777567
0972623897
0913953262
0919888758
0903717973
0908872614
0918662653
0962243003
0983210310
0908898636
0908958614
0913930472
0916162132
0983573353
0976225577
0907117050
0984711711
0987670068
0968296889
0905164889
0938002229
0917677733
0985712114
0902483838
0937194993
01234450591
0902727246
0909087030
0938741193
0982038397
0942919107
0913897987
0948555193
01266688929
0982322404
0948358679
0903663672
