QLHT thong bao, 18h00 ngay 06.05(hom nay) co lich phat song OnlineS mon FIN101, Anh/chi kiem tra email de biet thong tin chi tiet. Vui long khong reply tin nhan
0918795445
0966204200
0906808827
0989551200
01689520023
0915197045
0903655812
0949843344
0976071819
0908138971
0907840608
0989046970
0908476505
0984201149
0972251692
0978069388
0933018168
0938308649
0938222698
0947707911
0925364368
0908385708
0909862089
0914189449
01668528763
0918059995
0909827895
0918872812
0903192212
0948835351
0966303959
0937930337
0902226450
0988923889
0986207232
0938774786
0934190839
0907887117
0918596948
0902751082
0913311504
0945152355
0903016788
0974442096
0937142126
0902927896
0983777567
0972783366
0984719356
0919289158
0966009415
0919456610
0914221899
0962575891
0939287072
0974394051
0988374338
0902660897
0908262820
0903728828
0936122554
0935741746
0903626858
0906688353
0933676739
0984725879
0972141323
0978800413
01666643436
0938858156
0903726682
0985240939
0903730532
0983004782
0949708882
0987725566
0908133799
0914117175
