23h55 ngay  04.04.2014 het han BTVN2_MAT101. Anh/Chi  vao lam bai tap truoc khi het han. Vui long khong  reply  tin nhan nay
0903979050
0933998893
01207888676
0903626440
0938022339
0903832303
0967877979
0902397689
0919873019
0918484346
0907909890
0919680558
01666552221
01235602923
0906968652
0996661244
0932827287
0988896608
0918414949
0929111079
0933592229
0986892523
01867608730
0903300434
0909231518
0908021589
0909726869
0937205040
0927622612
0963023302
0925771773
0983053485
0985273808
0945397769
0918952414
01232721108
0902390882
0978120761
0988102502
0902626201
0937268608
0909787127
0903036096
0902968096
0906369859
0908458829
0922949789
01216839985
0982221848
0939934767
01655658774
0903807292
01254563713
0963303039
0918706120
0914949986
0903550682
01222666143
0909194454
0902316209
0977033073
0946444493
0913759434
0919683887
0938165779
0915259179
0918796789
0939368968
0986494978
0932728458
0985980139
0935464582
0977646021
0979070909
01689319519
0908906233
