QLHT thong bao, 23h55 ngay 19.02.2014 het han BTVN so 1 mon MAN403. Anh/chi nho vao lam bai tap truoc khi het han. Vui long khong reply tin nhan nay.
0909740606
0907845654
0989011784
0982131868
0948321979
0979194828
0908176020
0932041176
0977927708
0986686136
0985181333
0902242219
0985303437
0988382611
0938908385
0916698789
0908590786
0918352000
0919866086
0906848612
0949045345
0934052686
0966403333
01265883919
0907534492
0906209062
0908193969
01699388399
0908909989
0918179799
0908060324
01239208246
0933771769
0986751779
0944983636
0907312555
0939556879
0918061334
0979973818
0978030616
0989000018
0988292623
0918774424
01689936036
0984938282
0966119937
0938190378
0908543220
0949001199
0913506071
0907288022
0905320520
0978033788
0913038023
0903838599
0918848212
0918673902
0918537387
0908991897
0909602636
0989758121
0903560011
0938006702
0913103745
0975007887
0934199636
0916026486
0973555572
0909402209
0975324488
01233525525
0989000864
01638265186
0918926946
0913822052
0908776787
0933191219
0913883775
0946116776
0914117175
