QLHT T/B: 23h55 thu 6 ngay 17.01.2014, het han BTVN so 2 mon LAW201. A/C nhanh chong vao lam BTVN truoc deadline. Vui long ko reply tin nhan
0917409378
0908171779
0963133348
0919333998
01664455262
0942255596
0933302123
0989041522
01243093979
0907532670
0917357158
0902353557
0985303520
0919993978
0938933316
01694633200
0975602177
0913036444
0919047693
0907668865
0989810981
0914160899
01299973602
0976274776
0909622264
0975885461
0938602799
0932612287
0933263584
0979114967
0936557559
0919776482
01256842998
0974422042
0966688909
0983227327
0983686800
0903359681
0936738198
0919318991
0938210682
01694446369
0969268545
0902685672
01686671998
0987408516
0908983449
0972172172
0972903236
0984428428
0908542572
0918034024
01234566575
0919752699
0903099061
0994008908
0907149918
0918833341
0943647501
0908020608
0934626767
01665227779
0985393456
0989768470
0978068443
0919800261
01238027881
0939067936
0982758005
01674567213
0918987245
01214699519
