QLHT thong bao, 23h55 ngay 02.05.2014 het han BTVN so 2 mon MAN309 va MAR201. Anh/Chi sap xep hoan thanh bai tap dung han. Vui long khong reply tin nhan nay.
0909740606
0907845654
0989011784
0982131868
0913446767
0948321979
0913984438
0979194828
0908176020
0932041176
0977927708
0903527123
0982000024
0986686136
0985181333
0902242219
0985303437
0988382611
0938908385
0916698789
0937513108
0908590786
0919920044
0917203578
0918352000
0919866086
0918196700
0949045345
0934052686
0966403333
01265883919
0918408333
0906209062
0908909989
01676366668
01223134380
01239208246
0933771769
0986751779
0944983636
0939556879
0939965855
0918061334
0979973818
0989000018
0988292623
0918774424
01689936036
0984938282
0966119937
0908543220
0985455998
0949001199
0913506071
0905320520
0978033788
0937979183
0913038023
0932686852
0903838599
0918848212
0918673902
0918537387
0909602636
0903560011
0913903130
0914081477
0913103745
0975007887
0934199636
0976167388
0937172698
0916026486
0909402209
0975324488
01233525525
0989000864
 01684396080
0918926946
0913822052
0908776787
0933191219
0913883775
0946116776
0914117175
