23h55 ngay 13.04.2014 het han diem CC.A/c vao lam nhiem vu truoc khi het han de tich luy diem CC.Luu y:Mon ACC202 phai dat 5d CC tro len moi du dk thi het mon.
0944350580
0989307491
0908195979
0937205509
0913170903
0939279668
0978341400
0937228588
01633789154
0917044789
0907488789
0909628394
0983696432
01627966193
0939104004
0972117799
0932737238
0902442432
01696837304
0916179192
0988826826
0932822367
0908090002
0902756369
0933861667
0908089602
0903718288
0913122614
0902543213
0973083631
0902781318
0937180678
0905967677
0918189768
0982369611
0972333369
0946947339
0905369388
0916310898
0943511090
0938169669
0945798811
01223975748
0919453305
0933012667
0909770156
0902645494
0909469067
0902389094
0918426037
0903311644
0917804200
0986723119
0978599997
0918147759
01699611723
0983670048
0917156836
01664445106
0979866938
0989599333
0968022499
0987133132
0909880404
0906788006
0979815641
0932069880
0907380038
0977799957
0903617978
0909487482
0908705808
0917796638
0939969279
0902775980
0966512913
0909241779
0932167888
0917117878 
0988360100
0989990152
0902619419
0949010101
0918445468
0933269746
0916399900
0989973178
0903311005
0918319665
01283531035
0987979500
0983915504
0949426666
0939263560
0918913058
0976377350
0922017180
01226131286
0962962909
0978671928
0937007266
0936244442
0946139391
0938743708
0933567007
01647249243
01652500125
0933092249
01632045809
0905381969
0937170788
0942313762
0988872818
0902616020
0934843555
0979998877
01257465959
0908352044
01643434316
0908349198
0939243342
0902583489
0908233701
0966723672
0982773774
0988642819
0916706649
0938040049
0907182889
0903661599
0903944011
0918914988
0923909511
0989596882
0902627473
01646990987
01699757789
01647209933
0909447203
0938777429
