QLHT TB: 23h55 ngay 04/04 het han lam BTVN so 2, A/C sap sep thoi gian vao hoan thien diem truoc khi het han.Khong reply TN nay
0987101539
0919124313
0993403468
0909043231
01699253925
0974198768
0989012405
0938450515
0977671833
0903302281
0912969495
0906880556
0988022260
0948225989
0976482345
0937470403
0903680772
01887388823
0937646455
0966460618
0983484290
0982916717
0973191060
0913181125
0907467161
0989981918
0938330772
0975205959
0908358162
0979344630
01663492119
01693326966
0908692325
0903720730
0908686587
0908205555
0939821569
0982027189
0939614666
0918685852
01205502502
0974523989
01688226290
0902585339
01279311139
0975201314
0909050650
0937317937
0977605589
0985903398
0986023125
0938424241
0977683939
0989004720
0966585678
0903055077
0982033326
0988658085
0908690569
0968171060
0908716216
