QLHT CKTV2 TB: 18h00 ngay hom nay 06.05 co buoi phat song online S mon FIN101,A/C sap xep thoi gian tham gia hoc day du.Vui long khong reply TN nay
0985850855
0902829480
0983357456
0908882094
0908122002
0914164966
0909022088
0983812371
0902797068
0944158282
0913630852
0913769414
0975325325
0912798999
0903634767
0989756548
0988040903
0988429648
0935550285
0909087862
0918218729
0977770707
0979452957
0906633577
0908681770
0938726147
0933018068
0903636607
0903724207
0978790077
0902529479
0918647712
0919520579
0939560158
0918360035
0916931769
0908645096
0937489849
0903038138
0949083030
0977627068
0902477784
01684232602
0908558914
0918608492
0906848843
0905177187
0938912250
0983810423
0913721266
0989035970
0906596983
0978741777
0966005088
0903639317
0983262706
0978294152
0987458060
0906411579
0918121305
0913185787
0978404779
0983179969
0918007069
0976724525
0913684677
01243222727
0908900935
0933086869
0909947626
0909668514
0918083187
01263917878
0942314580
0903737569
0932222468
0939810990
0909649946
0914291291
0983820027
0933043012
0937374367
0903878762
0908231221
0939004042
01692797357
0938118927
0984806876
0902393028
0937336232
 01684845191
0932005518
0938078010
0903427929
0987734560
0934842122
