QLHT Thbao: 23h55 CN ngay 13/04/2014 het han tinh diem Chcan. De nghi A/C tranh thu vao lam LTTN, trao doi tren dien dan de lay diem CC.Vui long k trloi tn nay.
01223020280
0918447887
0908692890
0906748896
0904205128
0903183008
0907798484
0972848730
0909229144
0908154459
0947779585
0903402481
0909115500
0983150269
0918277515

01273451451
0906639188
0938720538
0908126777
0946774144
01699845932
0974886300
0969521234
0982775779
0975153137
0905915244
0908589621
0983984368
01658955546
0913623053
01653226711 

0937468080
0988976139
0963777881
0903957068
0906440588
0917622220
0909671268
0939390703
0909863986
0934026097
0984955979
01682819001
0905760838
0987060175 
 
01885405251
01264113550
0974000318
0937956335
0984002039
0986073444
0943117207
0989962795
0973795738
0907896968
0903103211
0902955968
0917373895

0937098609
0979722707
0974710636
01233377703
0965586868
0983079707
0949743711
0983434354
0918494242
0974300900
0937756415
0913447773
0989813737
0933576595
0902310607
0903180870
0919682234
01645763128
01683943452
0908982983
0948783172
0946646161
01677237610
0939669943
0906609485
0938033383
0903002443
0972661397
0917274704
0982628281
01999166679
01286388638
01648500747
0918228639
0933382662
0935329940
0904329392
0918792925
0938899379
0937685770
0908587333
0915639933
0907589580
0976716323
0945473388
0989999027

0908039723
0976830280
01689900615
0937379357
0976603160
0908678398
0973723372
0919542928
0909090670
0903166146
01886792691
0934154099
0907832240
0919371802
0994302719

0942771789
0909347369
0913702929
0967979867
0944885335
