QLHT OTV2 TB:  23h55 thu 6 ngay 02/05 het han lam BTVN so 2 mon ECO101.A/C sap sep thoi gian hoan thien truoc khi het han.Vui long khong reply TN nay.
0978668799
0979603763
01999166681
0913124326
0977395799
0986753768
01667654063
0986070934
0967112339
0913732506
0934787821
0903381518
01697737802
0908324256
0938457530
0903963138
01273437222
0939757636
0902205270
0908982154
01262602003
0977330119
0917256784
0976349549
0908162126
0908866838
0937111887
0919310366
0989626846
0933333545
0989503345
0907992988
0903767112
0902709676
0904505029
0902534088
0909683892
0908785479
0977369622
0938619819
0908435908
0933833759
0938495549
0914399121
01216781822
0902207766
0938651006
0988239379
0949486066
0907825775
0914247322
0914216060
0902664374
0924344379
0914467487
0902811733
0938478012
0916655487
0973991299
0937155055
0987961218
0914637080
0976332925
01224479895
0908506549
0982460646
0977106232
0915436567
0902411235
0934842122
