23h55 thu 6 ngay 02.05.2014 het han BTVN1 mon PSD102 va ACC403. Anh/Chi nao chua lam vao lam bai tap truoc khi het han. Vui long khong  reply  tin nhan nay
0942312983
0923333684
0972744905
0908246193
01207422202
0975448187
0988664806
0974961077
0988279789
0973699100
0909596679
0963281232
0915723768
0908799703
0914701000
0912294779
0938543589
0937395386
0909319324
0976705400
01694327085
0918286406
0906939141
0966196696
01286520977
0918697837
01669993356
0989362077
0932160482
0909347229
0933450655
0975933119
0903535935
0979727656
0905317719
0907899450
0933330128
0945970226
0988233806
01698582447
01653288768
0933359395
0932551629
0947997887
0982023928
01698051688
0938123169
01666558266
0932793665
0949807516
0918768643
0982594236
0937338775
0927260101
0986463005
0986213578
0937464086
0973575354
0982291081
0922030490
0907002424
0907353816
0913422020
0983113999
0908348302
0902327525
01275555707
01654978268
0909233600
0933306206
0972071048
0903099766
0906388810
0996026843
0933646069
01662301573
0903646525
0908906233
