QLHT t/b: 23h55 ngay 25/10 het han BTVN2 mon MAT101 va 23h55 ngay 27/10 het han nop BTKN mon PHM102. A/C tranh thu lam va nop bai truoc khi het han
0978668799
0909603763
01999166681
0913124326
0977395799
0918767476
0986753768
01248644241
01667654063
0986070934
0974691270
0913732506
0934787821
0903381518
01697737802
0908324256
0938457530
0913713608
0903963138
01273437222
0939366932
0902205270
0913639963
0908967850
0908982154
0933640079
01262602003
0977330119
0917256784
0976349549
0903303557
0908162126
0986995783
0908756868
0908866838
0918308675
0937111887
0919310366
0989626846
0933333545
0989503345
0907992998
0903767112
0906679805
0917106629
0902709676
0909425428
0904505029
01223754315
0986098099
0902534088
0987106118
0909683892
0908785479
0977369622
0934222233
0938619819
0917127722
0939454454
0908435908
0904077245
0933833759
0906380830
0928889995
0918540203
0914399940
01216781822
0902207766
0938651006
0938178966
0949486066
0945899717
0928382788
0914247322
0915025070
01666132932
0937585857
0974165756
0938911976
0924344379
0938946779
0918276734
0918044012
0908456148
01267205005
0934178000
0918198949
0914467487
0902811733
0938478012
0916655487
0973991299
01223642923
0937155055
0916465465
0909640487
0937933763
0914975728
0987961218
0914637080
0976332925
01224479895
0908506549
0982460646
0977106232
01666009148
0915436567
01239191433
0902411235
0914149956
