QLHT TB: 23h55 ngay 07/03/2014 het han BTVN2 MAN301. Anh/Chi vao lam bai tap truoc khi het han. Vui long khong reply tin nhan nay.
0979603763
01999166681
0913124326
0977395799
0918767476
0986753768
01248644241
01667654063
0913732506
0934787821
0903381518
01697737802
0908324256
0938457530
0913713608
01273437222
0939757636
0902205270
0908967850
0908982154
01262602003
0917256784
0976349549
0937111887
0989626846
0933333545
0907992988
0902709676
0909425428
0904505029
01223754315
0986098099
0902534088
0987106118
0909683892
0977369622
0934222233
0938619819
0939454454
0908435908
0933833759
0928889995
0918540203
0914399940
01216781822
0902207766
0938178966
0949486066
0928382788
0915025070
0938387386
0937585857
0902664374
0924344379
0938946779
0918276734
0918044012
0908456148
0934178000
0918198949
0914467487
0902811733
0938478012
0916655487
0937155055
0937933763
0987961218
0914637080
0976332925
01224479895
0908506549
0982460646
0977106232
01666009148
0915436567
0902411235
