QLHT t/b: 23h55 ngay 25/10 het han BTVN2 mon MAT101 va 23h55 ngay 27/10 het han BTKN mon PHM102. A/C tranh thu lam bai truoc khi het han
0986533348
0939443918
0933741111
0946858878
0902916629
0969096989
0933310365
0909547479
0985262466
0913976379
0975188741
0903377185
0906611988
0919961919
0938672667
01228185520
0985784929
0996320001
01264161804
0975381531
0909319239
0903991002
0933341889
0918411945
0918581423
01648983088
0982113011
0908560443
0903909776
0962980936
0949823979
0909105580
0909556895
0933776061
0989118089
0934136556
0906339488
0913116193
0907297665
0932650939
0987799907
0936787257
0934538978
0989975356
0966002696
0903730985
0986111433
0917668959
01269715787
0963133118
0938438486
0987983879
0902423528
0909159118
0913750733
0987235821
01234515245
0903308465
0937457343
0966668107
0904973606
0903375072
0908066119
0975182100
0976887783
0928345474
0983873923
0909990916
0975413939
0903646568
0907244084
0947666822
0903522442
0913123438
0909310115
0989867905
0974002244
0932658781
0977355579
0984012344
0938287429
0938368188
0976677237
0928274274
0912243467
0909756099
0988644469
0908494269
0945351200
0907333868
0906400777
0913738015
0903304770
0938761007
0907982681
0934060726
0917608608
0902967176
0932424216
0907668705
0908558800
0903938414
0945574348
0908015009
0909706700
01648486868
0914499441
0908003602
01224180889
01226968118
0934855438
0983693959
0939739668
0902666235
0909087393
0939356788
01234089201
0909380878
0988535452
0903600598
0982500569
0906319539
0966918095
0908214256
0902780887
0913941483
0914149956
