QLHT TB: 23h55 ngay hom nay(19/03) het han BTVN so 1, A/C vao hoan thien truoc khi het han, vui long khong reply TN nay.
0937677694
0937139477
0906060672
0908800210
0945092529
0986873513
0908485549
0909510410
0909900543
0907087815
0904008589
0937478477
0938929381
0908112000
0933553115
0927493777
0933162215
0913000482
0973521162
01655483808
0909138007
0964711082
01228796625
0977716717
0944098519
0906360106
0945944779
0972843879
0984132117
0916782382
0902908678
01203827992
0918801199
0918803311
01673898927
0948828699
0907014113
0902464910
0937777796
0918345612
01227565579
0932017228
0937745198
0976836771
0908852835
0938089007
01654447351
0974570597
0944404030
0945772838
0913693558
0984444368
0938020431
0903017177
0935670357
01264235521
0915406836
0918513785
01674493499
