23h55 ngay 04.04.2014 het han BTVN2 mon ACC202.Day la mon trong diem, a/c nhanh chong vao lam.06.04 het han BTN MAN413,ECO102.Nhom nao khong co BTN se cam thi.
0908881556
0905383712
0907222555
0908030479
0905404712
0903036403
0907700369
0909314055
0982498932
0913983282
0917983951
0939578666
0913950217
0977774055
0989280883
0903636573
0985288209
0972701475
0966768268
0933883282
0908149504
01664433959
0909826857
0903909873
0902658592
0988202060
0907490908
01222120708
0937973357
0932659062
0913768968
0944090308
0989599115
0937112443
0918772343
0983272839
0909355939
0914696419
0934779458
0972806062
0989882090
0919694897
0919213863
0918368937
0903778095
0902251452
0986597959
0909640605
01263759895
0979899059
0973779036
0947977177
0983777567
0972623897
0913953262
0903717973
0908872614
0962243003
0983210310
0908898636
0916162132
0983573353
0907117050
0984711711
0987670068
0968296889
0938002229
0985712114
0937194993
01234450591
0902727246
0909087030
0938741193
0942919107
0913897987
0948555193
01266688929
0982322404
0938777429
