QLHT t/b: 23h55 ngay 4/12 het han BTVN1 mon MAT102 va ENG103. A/C nhanh chong vao lam truoc khi het han de tranh bi cam thi. Khong reply tin nhan nay
0986533348
0939443918
0946858878
0903693211
01685529472
0902916629
0969096989
0933310365
0909547479
0985262466
0975843986
0913976379
0975188741
0903377185
0906611988
0919961919
0938672667
01228185520
0985784929
0996320001
01264161804
0975381531
0909319239
0933341889
0918411945
01648983088
0982113011
0908560443
0903909776
0962980936
0972667548
0949823979
0909105580
0986181836
0909556895
0933776061
0989118089
0934136556
0906339488
0913116193
0907297665
0903611087
0936787257
0984013520
0966002696
0937382337
0903730985
0986111433
0917668959
01269715787
0938900097
0963133118
0938438486
01249333907
0987983879
0902423528
0909159118
0913750733
0987235821
0932515968
01234515245
0903308465
01233901109
0937457343
0966668107
0908066119
0975182100
0976887783
0928345474
0983873923
0909990916
0975413939
0989969491
0913123438
0909310115
0928996996
0974002244
0932658781
0977355579
0984012344
0938287429
0938368188
0928274274
0912243467
0909756099
0983639399
0909910370
0988644469
0908494269
0945351200
0903948624
0907333868
0906400777
0983377000
0918036663
0978882823
0913738015
0909432345
0963228836
0938761007
0907982681
0902933958
0934060726
0917608608
0932424216
0907668705
0909482284
01684000200
0908558800
0977792777
0903938414
0903042783
0945574348
0908015009
0909706700
01648486868
0938223919
0914499441
0908486586
0908003602
0986652595
01224180889
01226968118
0983693959
0939739668
0902666235
0909313957
0909087393
0939356788
0909380878
0988535452
0903600598
0982500569
0906319539
0909835820
0966918095
0908214256
0902780887
0913941483
0914149956
