23h55 toi nay 19.03.2014 het han BTVN_PHM102. Anh/Chi  vao lam bai tap truoc khi het han. Vui long khong  reply  tin nhan nay
0903979050
0933998893
01207888676
0919480906
0919873019
0907909890
0919680558
01666552221
01235602923
0906968652
0996661244
0917565333
0932827287
0988896608
0918414949
0933592229
01867608730
0903300434
0906529116
0937000032
0908021589
0909726869
0927622612
0983053485
0945397769
0918952414
0907111449
0903805549
0978120761
0988102502
0902626201
0987220809
0903036096
01216839985
0906963679
0982221848
0939934767
01655658774
0903807292
0918706120
0914949986
0974444724
01222666143
0977033073
0934444342
01687343391
0946444493
0916868877
0938165779
0915259179
0939368968
0986494978
0902630698
0935464582
0979070909
0913190783
01689319519
0908906233
