QLHT t/b: 23h55 thu 6 ngay 17/01/2014 het han BTVN2.23h55 CN ngay 19/01/2014 het han BTKN. A/c nhanh chong vao lam truoc khi het han.Khong reply tin nhan nay.
0906360309
01252261255
0903190589
0932014097
0975312992
01659803380
0975916791
0932905999
0945264636
01659675241
0933205083
0938231957
0917210021
0976990457
0902232454
0939414641
0975328889
0903357148
0982829789
0979617799
0979830063
0908449466
0906649938
0902340804
0985188338
0939779003
0902769717
0977928358
0937160349
01688587579
0937430462
0909940996
01644649419
0909560654
0906812229
0988652137
0982303567
0919892219
0977282085
0917862888
0977971828
0913869628
0909575544
0984129198
0936501484
01684892261
0988021150
01667205445
0908419980
0918117881
0939394945
0938632061
0913696410
0946718107
01239193168
01645619990
0916414587
0963075175
01262618694
0987900108
0938393826
0915714616
0946307554
01669528256
0909386174
01684144641
0985624663
0976976962
0939564562
0939868911
0909878983
0963994351
01212772815
0903095085
01236907874
0909009988
0902636077
0906411038
0908711773
0908114602
0942557740
01666326197
01634830708
0903839307
0918013851
0989168598
0977664957
01686050081
0938070083
0909600106
01677781777
0939599722
0938240717
01217383965
0908847178
01279667899
0975829837
0983592129
0988958744
0937077028
0985305871
0989064804
0963039345
0933101599
0982083335
01693076360
0925539935
0936627226 
0902386078
0972222357
0902526606
0908822356
0919462141
0938390905
0909565638
0934163063
0945880041
0932451320
0906630861
0989968850
0974623739
01682667466
0918239494
0937188537
0938871468
0909099244
0989012425
0919945053
0939282220
0989360099
0949639809
0976958572
0909312985
0979797602
01654094369
0917481448
01678112424
0912135539
0938777429
