ETV2:A/C kiem tra email de biet lich thi, phong thi 27/04/2014.Chi nhung A/C nao co ten trong danh sach mon thi moi duoc tham gia thi.Vui long khog reply Tn nay
0973016469
0937677694
0918010696
0983598940
0937139477
0903342872
01298291368
01678797468
0906060672
0938494924
0903316312
0908800210
0945092529
0938184954
0902708567
0969178708
0918761680
0986873513
0908485549
0975179630
0974736670
0909510410
0909900543
0913124047
0919120110
0907507676
0906442771
0986868145
0907087815
0913609689
0937288068
0904008589
0903739737
0937478477
0934607298
01239920663
0974997713
0935884577
0988280408
0938929381
0937850405
0908276665
0908112000
01642893031
0976919037
0983642329
0909422942
0938115616
0933553115
0919239279
0927493777
0937503232
0986838861
0933162215
0913000482
0973521162
01256677688
01284112113
0917658525
01678879795
0907264536
0979556297
01655483808
0909610380
0963561239
0974433253
0909138007
0964711082
0908902285
0907463077
01228796625
0977716717
01653271805
0944098519
0906360106
0945944779
0908962020
0909562428
0902659899
0908541312
0938803052
0972843879
0984114584
0984132117
0908141396
01645755549
0916782382
01229335818
0902908678
01203827992
0918801199
0918131292
0963975079
0918803311
01673898927
0948828699
0908946734
0907014113
0989913027
0905753005
0909209133
0902464910
0974961661
0937777796
0918345612
0907230489
0907413097
01227565579
0932803221
0932017228
0909027005
0913636103
0933469290
0939202468
0974585500
0937745198
0976836771
0906314179
0937031531
0976414849
0973273251
01674211239
0918597078
0902365967
0933855603
0908852835
0988940279
0986028833
01229413595
0919806363
0978145066
01203715911
0938089007
0917230898
0933821977
01683072149
01654447351
0909361477
0984967171
0904848973
0984700513
0909716724
0908993465
0942382204
0974570597
0944404030
0945772838
01646820758
0977459168
0919817677
0936447580
0913693558
0903377788
0977585505
0983977885
0909285985
0984444368
01692106577
0938301588
0994449614
0938020431
0903048624
0903017177
0933852509
0935670357
0945148877
01264235521
0908004256
0903609000
0977054445
0915406836
0918513785
0983930201
01674493499
0909160811
0978338459
0905319306
0918120949
0934842122
