QLHT TB: ngay 16.03.2014 thu hoc phi tap trung tai phong 201. A/c sap xep hoan thien day du hoc phi. Vui long k reply.
0975000199
0907885799
01884373641
01215197979
0982302050
0902997781
01674983467
0939597728
0918572275
0909975899
0907977245
0919057521
0937777186
0944412812
01222915888
0966321919
0913792918
0903877214
01252374105
01249372563
0937789309
0909084585
0925678981
0904660846
0932049579
0938808872
0909155455
01223969991
0972998080
01223151345
0989999559
0908103102
0933144497
0948995678
0972516916
0977795319
0977395228
0934127145
0908717811
0974705703
0976469817
0933159155
0988475953
0908376665
0907757061
0903030529
0937603336
0932722131
0908996617
0946304116
0989211318
0949033913
0935175245
0932005110
01886600662
0903293848
0933225977
0985504488
0976793453
0934148621
0908118228
0916470819
0914496766
0907102737
0903177246
0946734010
0918504980
0917692881
0985666717
0909820168
0948066077
0906006905
0969699799
01684682854
0916884814
0903395416
0979796550
0982577850
0937774023
0937543992
01286126246
0908209193
0908356789
0933210492
0908954916
0902805251
01665151428
0914088077
0973662660
01673969789
0918087777
0903876908
0915887117
0907577918
0905737879
0908374628
0962142143
0902906890
01238811785
0934526434
0963238765
01688939699
0947772772
0947993060
0962593950
0972042242
0984304507
0982865078
0975522088
0989240639
0909095678
0938769167
0976333944
0908354123
0908108283
0979861419
0927226532
0979823232
0902686873
01695883545
0915883889
0984155876
0919033333
0933951626
0987079950
0939456236
0904466032
0913171706
0978183389
0988000607
0908702297
0974004941
01649659888
0913638287
0907800688
0908689197
0987716706
0948983465
0906700708
0907270103
0977388552
0913710786
01662317230
0908783185
0932093092
0986008306
0927448201
0932059205
0937976575
0913413494
0989172232
0913507669
0908586778
0935921352
0933666446
01223188699
0983699502
01647042655
0906998093
0913141787
0938386345
01688738262
