QLHT TB: 23h55 chu nhat 19.01.2014 het han nop Bai Tap Ky Nang mon PHM102. A/C nhanh chong nop bai len trang lop hoc online. Luu y, KHONG nop qua email cho QLHT
0948487577
01266641861
0905327060
01222787006
0918342662
0933742500
0918606625
0934212092
01666112055
0979049790
0907840907
0908488673
0902040798
01274544241
01229101990
0988644244
0979969842
0985447482
0934900265
0913675539
0982979379
0948839879
0915665479
01219682922
0987505466
0988933733
0937471567
0936040107
0989978857
0978892345
0987230066
01697807621
0905138596
0902117517
0947338810
01645208642
0937047688
0973688513
01218482220
0983930123
0932453150
0983870546
0908910077
0908651651
01239393439
0918873486
01686896779
0913121445
0934166255
0917276165
01267064764
0983860086
0918560603
01628150579
0902583254
0989101084
0938687749
0989254247
01695225179
0909901010
01228122879
0938781106
0916181736
0986031316
0939266164
0918997850
0903697019
0909692460
0987321077
0919626862
0935212418
0909738916
01264363963
0973972345
0939330518
0987654121
0903394781
0975399864
0939408475
0987584439
0985597599
01214699519
