23h55 thu 4 ngay 19.03.2014 het han BTVN1 cac mon PHM101,LAW101,ENG101. A/c nhanh chong vao lam BTVN truoc khi het han.Vui long khong reply tn nay. 
0944350580
0989307491
0913170903
0939279668
0937228588
01633789154
0909628394
0983696432
0972117799
0902442432
01696837304
0916179192
0988826826
0932822367
0933861667
0903718288
0913122614
0902543213
0902781318
0937180678
0972333369
0905369388
0945798811
01223975748
0919453305
0933012667
0902645494
0918426037
0903311644
0917804200
0986723119
0984646180
01699611723
0983670048
0989599333
0987133132
0909880404
0906788006
0979815641
0932069880
0907380038
0977799957
0903617978
0908705808
0917796638
0939969279
0902775980
0966512913
0917117878 
0902619419
0949010101
0918445468
0916399900
0989973178
0903311005
01283531035
0983915504
0949426666
0939263560
0918913058
0976377350
0978671928
0937007266
0936244442
0946139391
0938743708
0933567007
01632045809
0905381969
0937170788
0942313762
0988872818
01257465959
01643434316
0908349198
0902583489
0908233701
0966723672
0982773774
0938040049
0989596882
01647209933
0909447203
0938777429
