QLHT thong bao 23h55 ngay 16.04.2014 het han BTVN so 1 mon MAN309 - MAR201. Anh/chi vao hoan thanh bai tap truoc han. Vui long khong reply tin nhan nay.
0909740606
0907845654
0989011784
0982131868
0913446767
0948321979
0908176020
0932041176
0903527123
0982000024
0986686136
0985181333
0985303437
0988382611
0938908385
0916698789
0937513108
0919920044
0917203578
0907422730
0919866086
0949045345
0934052686
0966403333
01265883919
0906209062
0908909989
0908060324
01239208246
0933771769
0986751779
0939556879
0918061334
0979973818
0989000018
0988292623
0918774424
01689936036
0984938282
0966119937
0908543220
0985455998
0949001199
0913506071
0937979183
0913038023
0903838599
0918848212
0918537387
0909602636
0989758121
0903560011
0987771789
0936186444
0975007887
0934199636
0916026486
0909402209
0975324488
01233525525
0989000864
 01684396080
0913822052
0908776787
0933191219
0913883775
0946116776
0914117175
