QLHT OTV2 TB:23h55 chu nhat,ngay 11/05/2014 het han tinh diem chuyen can mon ECO101,DWS104,ECO102.A/C vao hoan thien truoc khi het han.Vui log khog reply TN nay
0978668799
0979603763
01999166681
0913124326
0977395799
0918767476
0986753768
01248644241
01667654063
0986070934
0967112339
0913732506
0934787821
0903381518
01697737802
0908324256
0938457530
0913713608
0903963138
01273437222
0939757636
0902205270
0908967850
0908982154
01262602003
0977330119
0917256784
0976349549
0908162126
0986995783
0908866838
0918308675
0937111887
0919310366
0989626846
0933333545
0989503345
0907992988
0903767112
0917106629
0902709676
0909425428
0904505029
01223754315
0986098099
0902534088
0909683892
0908785479
0977369622
0938619819
0908435908
0933833759
0906380830
0938495549
0914399121
01216781822
0902207766
0938651006
0988239379
0949486066
0907825775
0914247322
0914216060
0938387386
0902664374
0974165756
0938911976
0924344379
0918276734
0918044012
0908456148
0934178000
0914467487
0902811733
0938478012
0916655487
0973991299
0937155055
0916465465
0987961218
0914637080
0976332925
01224479895
0908506549
0982460646
0977106232
01666009148
0915436567
01239191433
0902411235
0934842122
