23h55 ngay mai 19.03.2014 het han BTVN1_MAT101. Anh/Chi  vao lam bai tap truoc khi het han. Vui long khong  reply  tin nhan nay
0947800094
0902640180
0903979050
0933998893
01207888676
0919480906
0908060487
0903626440
0938022339
0938855106
0909283753
0903832303
0902397689
0919873019
0907909890
0919680558
01666552221
01235602923
0906968652
0996661244
0932827287
0988896608
0918414949
0929111079
0933592229
0986892523
01867608730
0903300434
0906529116
0937000032
0909231518
0907140110
0908021589
0909726869
0927622612
0963023302
0932126556
0918302827
0983053485
0985273808
0913808531
0945397769
0918952414
0906210826
0907111449
0903805549
01232721108
0989699602
0902598335
0902390882
0978120761
0988102502
0902626201
0937268608
0909787127
0987220809
0903036096
0906818283
0902968096
0906369859
0908458829
0922949789
01216839985
0982221848
0966571631
0939934767
01655658774
0905025091
0903807292
0919516789
01254563713
0902768382
0982888233
0963303039
0918706120
0914949986
01678481176
0989798908
0903550682
0907275046
0919442044
01222666143
0909091160
0909194454
0902316209
0977033073
0908611083
0934444342
01687343391
0946444493
0909000089
0916868877
0919683887
0938165779
0915259179
0918796789
0939368968
0986494978
0932728458
0985980139
0908998390
0902630698
0935464582
0977646021
0979070909
01686801888
0913190783
01689319519
0908906233
