23h55 toi nay 19.03.2014 het han BTVN1_MAT101. Anh/Chi  vao lam bai tap truoc khi het han. Vui long khong  reply  tin nhan nay
0903979050
0933998893
01207888676
0919480906
0908060487
0903626440
0909283753
0903832303
0919680558
01666552221
01235602923
0906968652
0996661244
0932827287
0988896608
0918414949
0933592229
01867608730
0903300434
0937000032
0909231518
0907140110
0908021589
0927622612
0932126556
0983053485
0918952414
0906210826
0907111449
0903805549
0902390882
0978120761
0988102502
0902626201
0909787127
0987220809
0903036096
0902968096
01216839985
0982221848
0939934767
01655658774
0905025091
0903807292
0982888233
0963303039
0918706120
0914949986
0903550682
01222666143
0977033073
0934444342
01687343391
0946444493
0919683887
0938165779
0915259179
0939368968
0932728458
0985980139
0902630698
0935464582
0979070909
0913190783
01689319519
0908906233
