23h55 ngay mai 04.04.2014 het han BTVN2 mon ENG103,MAT102. A/c nhanh chong vao lam truoc khi het han. Tran trong.

0906360309
0975312992
01659803380
0975916791
0945264636
0933205083
0902232454
0982829789
0979830063
0906649938
01688587579
0937430462
0909940996
01644649419
0906812229
0982303567
0977282085
0917862888
0977971828
0913869628
0936501484
01684892261
0988021150
0908419980
0918117881
0985624663
0976976962
0939564562
01212772815
0902636077
01666326197
01634830708
01686050081
0938070083
0939599722
01217383965
0983592129
0937077028
0989064804
0982083335
0902386078
0972222357
0919462141
0934163063
0932451320
0989968850
0938871468
0909099244
0939282220
01654094369
0917481448
0938777429
